0 2.231
1 2.216
2 2.230
3 2.264
4 2.232
5 2.245
6 2.213
7 2.228
8 2.255
9 2.305
10 2.298
11 2.296
12 2.259
13 2.307
14 2.317
15 2.344
16 2.355
17 2.265
18 2.332
19 2.299
20 2.612
21 4.192
22 4.773
23 5.636
24 5.846
25 6.125
26 6.525
27 6.655
28 6.887
29 6.922
30 6.933
31 7.187
32 7.414
33 7.626
34 7.697
35 7.883
36 8.345
37 8.553
38 8.904
39 8.997
40 9.138
41 9.248
42 9.668
43 9.679
44 9.755
45 10.059
46 10.429
47 10.496
48 10.572
49 10.998
50 10.933
51 11.317
52 11.743
53 11.946
54 12.099
55 12.165
56 12.376
57 12.524
58 12.735
59 13.038
60 13.578
61 13.641
62 13.723
63 13.971
64 14.124
65 14.113
66 14.360
67 14.343
68 14.278
69 14.483
70 14.768
71 15.000
72 15.171
73 15.596
74 15.657
75 15.788
76 16.106
77 16.696
78 16.956
79 17.028
80 17.291
81 17.581
82 17.565
83 17.540
84 17.770
85 18.090
86 18.023
87 18.024
88 18.272
89 18.621
90 18.816
91 18.907
92 19.088
93 19.387
94 19.541
95 19.916
96 20.374
97 20.595
98 20.537
99 20.632
100 20.768
